A11 = 0.000000
A12 = 10000000.000000
A13 = 0.000000
A21 = -0.000901
A22 = -82.900807
A23 = 9.010917
A31 = 0.000000
A32 = 0.000000
A33 = -666.660000
B1 = 0.000000
B2 = 0.000000
B3 = 0.066667
C1 = 1.000000
C2 = 0.000000
C3 = 0.000000
D  = 0.000000
Ah11 = -599.296726
Ah12 = 9.010917
Ah21 = -125.897587
Ah22 = -666.660000
Bh1 = -0.031735
Bh2 = -0.014894
Ch11 = 0.000000
Ch12 = 0.000000
Ch21 = 1.000000
Ch22 = 0.000000
Ch31 = 0.000000
Ch32 = 1.000000
Dh1 = 1.000000
Dh2 = 0.000052
Dh3 = 0.000013
Fh1 = 0.000000
Fh2 = 0.066667
K1 = 17.973847
K2 = 706379.340864
K3 = 2998.586065
Ki = 2475.424387
fs = 500.000000
